% ------ Created on 22-11-2014 at 17:45
% ------ Comments:
% ------ << 
% ------ < Isotopic composition data from TransAtomic White 
% ------ < paper read from Figure 10. Assumed only Actinides
% ------ <  in iso vector. All actinides assumed to be in on
% ------ < e valence config.
% ------ >> 
set title "TransAtomic Reactor Model"

% --- Geometry Components

% ------ Moderator Pin
pin 7 
ZrH1.6    1.583
316SS    -0.0044455
Moly     -0.0041273
HastelloyNMod -0.0041273
fuel

% ------ Empty Pin
pin 8
FillGas  1.583
316SS    -0.0044455
Moly     -0.0041273
HastelloyNMod -0.0041273
fuel

% ------ Assembly Nested  Bottom Lattice
lat 90 1 0. 0. 38 38 4 
7 7 7 7 7 7 7 7 7 7 7 7 7 7 7 7 7 7 7 7 7 7 7 7 7 7 7 7 7 7 7 7 7 7 7 7 7 7
7 7 7 7 7 7 7 7 7 7 7 7 7 7 7 7 7 7 7 7 7 7 7 7 7 7 7 7 7 7 7 7 7 7 7 7 7 7
7 7 7 7 7 7 7 7 7 7 7 7 7 7 7 7 7 7 7 7 7 7 7 7 7 7 7 7 7 7 7 7 7 7 7 7 7 7
7 7 7 7 7 7 7 7 7 7 7 7 7 7 7 7 7 7 7 7 7 7 7 7 7 7 7 7 7 7 7 7 7 7 7 7 7 7
7 7 7 7 7 7 7 7 7 7 7 7 7 7 7 7 7 7 7 7 7 7 7 7 7 7 7 7 7 7 7 7 7 7 7 7 7 7
7 7 7 7 7 7 7 7 7 7 7 7 7 7 7 7 7 7 7 7 7 7 7 7 7 7 7 7 7 7 7 7 7 7 7 7 7 7
7 7 7 7 7 7 7 7 7 7 7 7 7 7 7 7 7 7 7 7 7 7 7 7 7 7 7 7 7 7 7 7 7 7 7 7 7 7
7 7 7 7 7 7 7 7 7 7 7 7 7 7 7 7 7 7 7 7 7 7 7 7 7 7 7 7 7 7 7 7 7 7 7 7 7 7
7 7 7 7 7 7 7 7 7 7 7 7 7 7 7 7 7 7 7 7 7 7 7 7 7 7 7 7 7 7 7 7 7 7 7 7 7 7
7 7 7 7 7 7 7 7 7 7 7 7 7 7 7 7 7 7 7 7 7 7 7 7 7 7 7 7 7 7 7 7 7 7 7 7 7 7
7 7 7 7 7 7 7 7 7 7 7 7 7 7 7 7 7 7 7 7 7 7 7 7 7 7 7 7 7 7 7 7 7 7 7 7 7 7
7 7 7 7 7 7 7 7 7 7 7 7 7 7 7 7 7 7 7 7 7 7 7 7 7 7 7 7 7 7 7 7 7 7 7 7 7 7
7 7 7 7 7 7 7 7 7 7 7 7 7 7 7 7 7 7 7 7 7 7 7 7 7 7 7 7 7 7 7 7 7 7 7 7 7 7
7 7 7 7 7 7 7 7 7 7 7 7 7 7 7 7 7 7 7 7 7 7 7 7 7 7 7 7 7 7 7 7 7 7 7 7 7 7
7 7 7 7 7 7 7 7 7 7 7 7 7 7 7 7 7 7 7 7 7 7 7 7 7 7 7 7 7 7 7 7 7 7 7 7 7 7
7 7 7 7 7 7 7 7 7 7 7 7 7 7 7 7 7 7 7 7 7 7 7 7 7 7 7 7 7 7 7 7 7 7 7 7 7 7
7 7 7 7 7 7 7 7 7 7 7 7 7 7 7 7 7 7 7 7 7 7 7 7 7 7 7 7 7 7 7 7 7 7 7 7 7 7
7 7 7 7 7 7 7 7 7 7 7 7 7 7 7 7 7 7 7 7 7 7 7 7 7 7 7 7 7 7 7 7 7 7 7 7 7 7
7 7 7 7 7 7 7 7 7 7 7 7 7 7 7 7 7 7 7 7 7 7 7 7 7 7 7 7 7 7 7 7 7 7 7 7 7 7
7 7 7 7 7 7 7 7 7 7 7 7 7 7 7 7 7 7 7 7 7 7 7 7 7 7 7 7 7 7 7 7 7 7 7 7 7 7
7 7 7 7 7 7 7 7 7 7 7 7 7 7 7 7 7 7 7 7 7 7 7 7 7 7 7 7 7 7 7 7 7 7 7 7 7 7
7 7 7 7 7 7 7 7 7 7 7 7 7 7 7 7 7 7 7 7 7 7 7 7 7 7 7 7 7 7 7 7 7 7 7 7 7 7
7 7 7 7 7 7 7 7 7 7 7 7 7 7 7 7 7 7 7 7 7 7 7 7 7 7 7 7 7 7 7 7 7 7 7 7 7 7
7 7 7 7 7 7 7 7 7 7 7 7 7 7 7 7 7 7 7 7 7 7 7 7 7 7 7 7 7 7 7 7 7 7 7 7 7 7
7 7 7 7 7 7 7 7 7 7 7 7 7 7 7 7 7 7 7 7 7 7 7 7 7 7 7 7 7 7 7 7 7 7 7 7 7 7
7 7 7 7 7 7 7 7 7 7 7 7 7 7 7 7 7 7 7 7 7 7 7 7 7 7 7 7 7 7 7 7 7 7 7 7 7 7
7 7 7 7 7 7 7 7 7 7 7 7 7 7 7 7 7 7 7 7 7 7 7 7 7 7 7 7 7 7 7 7 7 7 7 7 7 7
7 7 7 7 7 7 7 7 7 7 7 7 7 7 7 7 7 7 7 7 7 7 7 7 7 7 7 7 7 7 7 7 7 7 7 7 7 7
7 7 7 7 7 7 7 7 7 7 7 7 7 7 7 7 7 7 7 7 7 7 7 7 7 7 7 7 7 7 7 7 7 7 7 7 7 7
7 7 7 7 7 7 7 7 7 7 7 7 7 7 7 7 7 7 7 7 7 7 7 7 7 7 7 7 7 7 7 7 7 7 7 7 7 7
7 7 7 7 7 7 7 7 7 7 7 7 7 7 7 7 7 7 7 7 7 7 7 7 7 7 7 7 7 7 7 7 7 7 7 7 7 7
7 7 7 7 7 7 7 7 7 7 7 7 7 7 7 7 7 7 7 7 7 7 7 7 7 7 7 7 7 7 7 7 7 7 7 7 7 7
7 7 7 7 7 7 7 7 7 7 7 7 7 7 7 7 7 7 7 7 7 7 7 7 7 7 7 7 7 7 7 7 7 7 7 7 7 7
7 7 7 7 7 7 7 7 7 7 7 7 7 7 7 7 7 7 7 7 7 7 7 7 7 7 7 7 7 7 7 7 7 7 7 7 7 7
7 7 7 7 7 7 7 7 7 7 7 7 7 7 7 7 7 7 7 7 7 7 7 7 7 7 7 7 7 7 7 7 7 7 7 7 7 7
7 7 7 7 7 7 7 7 7 7 7 7 7 7 7 7 7 7 7 7 7 7 7 7 7 7 7 7 7 7 7 7 7 7 7 7 7 7
7 7 7 7 7 7 7 7 7 7 7 7 7 7 7 7 7 7 7 7 7 7 7 7 7 7 7 7 7 7 7 7 7 7 7 7 7 7
7 7 7 7 7 7 7 7 7 7 7 7 7 7 7 7 7 7 7 7 7 7 7 7 7 7 7 7 7 7 7 7 7 7 7 7 7 7
% ------ Assembly Nested Top Lattice
lat 91 1 0. 0. 38 38 4
8 8 8 8 8 8 8 8 8 8 8 8 8 8 8 8 8 8 8 8 8 8 8 8 8 8 8 8 8 8 8 8 8 8 8 8 8 8
8 8 8 8 8 8 8 8 8 8 8 8 8 8 8 8 8 8 8 8 8 8 8 8 8 8 8 8 8 8 8 8 8 8 8 8 8 8
8 8 8 8 8 8 8 8 8 8 8 8 8 8 8 8 8 8 8 8 8 8 8 8 8 8 8 8 8 8 8 8 8 8 8 8 8 8
8 8 8 8 8 8 8 8 8 8 8 8 8 8 8 8 8 8 8 8 8 8 8 8 8 8 8 8 8 8 8 8 8 8 8 8 8 8
8 8 8 8 8 8 8 8 8 8 8 8 8 8 8 8 8 8 8 8 8 8 8 8 8 8 8 8 8 8 8 8 8 8 8 8 8 8
8 8 8 8 8 8 8 8 8 8 8 8 8 8 8 8 8 8 8 8 8 8 8 8 8 8 8 8 8 8 8 8 8 8 8 8 8 8
8 8 8 8 8 8 8 8 8 8 8 8 8 8 8 8 8 8 8 8 8 8 8 8 8 8 8 8 8 8 8 8 8 8 8 8 8 8
8 8 8 8 8 8 8 8 8 8 8 8 8 8 8 8 8 8 8 8 8 8 8 8 8 8 8 8 8 8 8 8 8 8 8 8 8 8
8 8 8 8 8 8 8 8 8 8 8 8 8 8 8 8 8 8 8 8 8 8 8 8 8 8 8 8 8 8 8 8 8 8 8 8 8 8
8 8 8 8 8 8 8 8 8 8 8 8 8 8 8 8 8 8 8 8 8 8 8 8 8 8 8 8 8 8 8 8 8 8 8 8 8 8
8 8 8 8 8 8 8 8 8 8 8 8 8 8 8 8 8 8 8 8 8 8 8 8 8 8 8 8 8 8 8 8 8 8 8 8 8 8
8 8 8 8 8 8 8 8 8 8 8 8 8 8 8 8 8 8 8 8 8 8 8 8 8 8 8 8 8 8 8 8 8 8 8 8 8 8
8 8 8 8 8 8 8 8 8 8 8 8 8 8 8 8 8 8 8 8 8 8 8 8 8 8 8 8 8 8 8 8 8 8 8 8 8 8
8 8 8 8 8 8 8 8 8 8 8 8 8 8 8 8 8 8 8 8 8 8 8 8 8 8 8 8 8 8 8 8 8 8 8 8 8 8
8 8 8 8 8 8 8 8 8 8 8 8 8 8 8 8 8 8 8 8 8 8 8 8 8 8 8 8 8 8 8 8 8 8 8 8 8 8
8 8 8 8 8 8 8 8 8 8 8 8 8 8 8 8 8 8 8 8 8 8 8 8 8 8 8 8 8 8 8 8 8 8 8 8 8 8
8 8 8 8 8 8 8 8 8 8 8 8 8 8 8 8 8 8 8 8 8 8 8 8 8 8 8 8 8 8 8 8 8 8 8 8 8 8
8 8 8 8 8 8 8 8 8 8 8 8 8 8 8 8 8 8 8 8 8 8 8 8 8 8 8 8 8 8 8 8 8 8 8 8 8 8
8 8 8 8 8 8 8 8 8 8 8 8 8 8 8 8 8 8 8 8 8 8 8 8 8 8 8 8 8 8 8 8 8 8 8 8 8 8
8 8 8 8 8 8 8 8 8 8 8 8 8 8 8 8 8 8 8 8 8 8 8 8 8 8 8 8 8 8 8 8 8 8 8 8 8 8
8 8 8 8 8 8 8 8 8 8 8 8 8 8 8 8 8 8 8 8 8 8 8 8 8 8 8 8 8 8 8 8 8 8 8 8 8 8
8 8 8 8 8 8 8 8 8 8 8 8 8 8 8 8 8 8 8 8 8 8 8 8 8 8 8 8 8 8 8 8 8 8 8 8 8 8
8 8 8 8 8 8 8 8 8 8 8 8 8 8 8 8 8 8 8 8 8 8 8 8 8 8 8 8 8 8 8 8 8 8 8 8 8 8
8 8 8 8 8 8 8 8 8 8 8 8 8 8 8 8 8 8 8 8 8 8 8 8 8 8 8 8 8 8 8 8 8 8 8 8 8 8
8 8 8 8 8 8 8 8 8 8 8 8 8 8 8 8 8 8 8 8 8 8 8 8 8 8 8 8 8 8 8 8 8 8 8 8 8 8
8 8 8 8 8 8 8 8 8 8 8 8 8 8 8 8 8 8 8 8 8 8 8 8 8 8 8 8 8 8 8 8 8 8 8 8 8 8
8 8 8 8 8 8 8 8 8 8 8 8 8 8 8 8 8 8 8 8 8 8 8 8 8 8 8 8 8 8 8 8 8 8 8 8 8 8
8 8 8 8 8 8 8 8 8 8 8 8 8 8 8 8 8 8 8 8 8 8 8 8 8 8 8 8 8 8 8 8 8 8 8 8 8 8
8 8 8 8 8 8 8 8 8 8 8 8 8 8 8 8 8 8 8 8 8 8 8 8 8 8 8 8 8 8 8 8 8 8 8 8 8 8
8 8 8 8 8 8 8 8 8 8 8 8 8 8 8 8 8 8 8 8 8 8 8 8 8 8 8 8 8 8 8 8 8 8 8 8 8 8
8 8 8 8 8 8 8 8 8 8 8 8 8 8 8 8 8 8 8 8 8 8 8 8 8 8 8 8 8 8 8 8 8 8 8 8 8 8
8 8 8 8 8 8 8 8 8 8 8 8 8 8 8 8 8 8 8 8 8 8 8 8 8 8 8 8 8 8 8 8 8 8 8 8 8 8
8 8 8 8 8 8 8 8 8 8 8 8 8 8 8 8 8 8 8 8 8 8 8 8 8 8 8 8 8 8 8 8 8 8 8 8 8 8
8 8 8 8 8 8 8 8 8 8 8 8 8 8 8 8 8 8 8 8 8 8 8 8 8 8 8 8 8 8 8 8 8 8 8 8 8 8
8 8 8 8 8 8 8 8 8 8 8 8 8 8 8 8 8 8 8 8 8 8 8 8 8 8 8 8 8 8 8 8 8 8 8 8 8 8
8 8 8 8 8 8 8 8 8 8 8 8 8 8 8 8 8 8 8 8 8 8 8 8 8 8 8 8 8 8 8 8 8 8 8 8 8 8
8 8 8 8 8 8 8 8 8 8 8 8 8 8 8 8 8 8 8 8 8 8 8 8 8 8 8 8 8 8 8 8 8 8 8 8 8 8
8 8 8 8 8 8 8 8 8 8 8 8 8 8 8 8 8 8 8 8 8 8 8 8 8 8 8 8 8 8 8 8 8 8 8 8 8 8

% ------ Assembly Bottom Lattice
lat 92 1 0. 0. 3 3 152 
80 80 80
80 80 80
80 80 80

% ------ Assembly Top Lattice
lat 93 1 0. 0. 3 3 152 
81 81 81
81 81 81 
81 81 81
 
% ------ Stacking Lattice
lat 94 9 0. 0. 2
0.0 82 
187 83 

% --- Surfaces

% ------ Assembly Nested Bottom Surface
surf	90  sqc 0 0 152 0

% ------ Assembly Nested Top Surface
surf    91 sqc 0 0 152 0

% ------ Assembly Bottom Surface
surf    92 sqc 0 0 456 0

% ------ Assembly Top Surface
surf    93 sqc 0 0 456 0

% ------ Stacked Surface
surf    94 sqc 0 0 456 0

% ------ Core Barrel
surf    1    cyl    0 0 208 

% ------ Upper Plenum Bottom
surf    2  pz  375

% ------ Upper Plenum Top
surf    3  pz  385

% ------ Lower Plenum Top 
surf    4   pz  0

% ------ Lower Plenum Bottom 
surf    5 pz -10

% ------ Reactor Vessel Outer Wall
surf    6    cyl    0 0 213 

% ------ Massive Graphite Reflector
surf    7   cyl     0 0 263 

% ------ Top Cap Top
surf    8   pz 390

% ------ Bottom Cap Bottom
surf    9   pz   -15

% ------ Top Graphite Reflector Cap Top
surf   10   pz   440

% ------ Bottom Graphite Reflector Cap Bottom
surf   11  pz   -65

% ------ Assemblies
surf  12 sqc 0 0 208 0

% --- Cells

% ------ Bottom Nested Assembly Cell
cell     90 80 fill 90 -90

% ------ Top Nested Assembly Cell
cell     91 81 fill 91 -91

% ------ Bottom Assembly Cell
cell     92  82 fill 92 -92

% ------ Top Assembly Cell
cell    93 83 fill 93 -93

% ----- Stacked Assembly Cell
cell    94 84 fill 84 -94

% ------ Actual Geometry Cells (Universe 0)

% ------ Core
cell    1    0    fill 94 -12 -2 4   

% ------ Lower Plenum
cell    2    0    fuel -4 5 -1

% ------ Upper Plenum
cell    3    0   fuel -3 2 -1

% ------ Reactor Vessel
cell    4    0    HastelloyNMod 1 -6 9 -8

% ------ Graphite Reflector
cell    5    0    Graphite  6 -7 9 -8 

% ------ Top Hastelloy Cap
cell    6    0   HastelloyNMod  3 -8 -6 

% ------ Bottom Hastelloy Cap
cell    7   0    HastelloyNMod -5 9 -6 

% ------ Top Graphite Cap
cell    8   0   Graphite 8 -10 -7 

% ------ Bottom Graphite Cap
cell    9   0    Graphite -9 11 -7 

% ------ Side Flow Area
cell	10  0    fuel -1 12 -2 4

% ------ Outside Geometry
cell    11       0     outside   7 10 -11 

% --- Materials

% ------ Hastelloy N Modified
mat HastelloyNMod    -8.86    tmp    973 rgb 192 192 192 
28000.09c    -0.67
24000.09c    -0.07
74000.09c    -0.165
26000.09c    -0.05
14000.09c    -0.01
25055.09c    -0.008
6000.09c    -0.0008
27059.09c    -0.002
29000.09c    -0.0035
41093.09c    -0.01
22000.09c    -0.01

% ------ Zirconium Hydride
mat    ZrH1.6    -5.66    tmp    900    rgb    255    255    255
40000.09c    1
1001.09c     1.599816
1002.09c     0.000184

% ------ 316SS Clad
mat    316SS    -7.99    tmp    900    rgb    0    0    153
6000.09c    -0.08
25055.09c   -2
15031.09c   -0.045
16000.09c   -0.06
14000.09c   -0.75
24000.09c   -16
28000.09c   -10
42000.09c   -2
7014.09c   -0.1
26000.09c   -69.165

% ------ Molybdenum Clad
mat    Moly    -10.2    tmp    900    rgb    0    255    0
42000.09c   -1

% ------ Fill Gas 
mat    FillGas    1    tmp    900    rgb    255    255    0
2004.09c   1

% ------ Graphite
mat     Graphite    -2.1    tmp 600 rgb 255 255 255
6000.06c	1

% ------ Fuel Salt
mat fuel -3.07010387947 tmp 900 rgb 225 0 0 burn 1 vol 14680827.66
92235.09c     0.0013677775
92236.09c     0.0007333748
92238.09c     0.1002264358
93237.09c     0.0000730280
94238.09c     0.0000041555
94239.09c     0.0007241693
94240.09c     0.0004120868
94241.09c     0.0002051884
94242.09c     0.0000817362
95241.09c     0.0000512971
95243.09c     0.0000203500
9019.09c      0.6558135756
3006.09c      0.0016101104
3007.09c      0.2386767146

% ------ End Fuel Salt

% --- BURNUP DECK

% ------ Burnup Intervals
dep daystep
1
2
3
4
5
6
7
8
9
10
11
12
13
14
15
16
17
18
19
20
21
22
23
24
25
26
27
28
29
30
% ------ End Burnup Intervals

% ------ Set Power for Normalization
set power 625000000

% --- Cross section library file path

set acelib "/home/ddwooten/Documents/RSICC_Codes/1_SERPENT/c757mnyws00/xsdata/endfb7/sss_endfb7u.xsdata"
set declib "/home/ddwooten/Documents/RSICC_Codes/1_SERPENT/c757mnyws00/xsdata/endfb7/sss_endfb7.dec"
set nfylib "/home/ddwooten/Documents/RSICC_Codes/1_SERPENT/c757mnyws00/xsdata/endfb7/sss_endfb7.nfy"

% --- Boundary condition

set bc 1

% --- Neutron population and criticality cycles:

set pop 10000 300 50

% --- Plot

%plot 3 10000 10000
